5000 0.09329600 1302.400 0.70 0.04286951 10000 4596
5000 0.14981000 1660.500 0.80 0.06798378 10000 4544
5000 0.00039553 228.120 0.20 0.00018993 10000 4802
5000 0.00397040 347.480 0.30 0.00184624 10000 4655
5000 0.02701500 729.450 0.50 0.01241609 10000 4601
5000 0.05323600 992.060 0.60 0.02462697 10000 4629
5500 0.06092900 1432.600 0.70 0.02669909 10000 4389
5500 0.09850300 1826.500 0.80 0.04520303 10000 4593
5500 0.14727000 2272.900 0.90 0.06792092 10000 4614
5500 0.00240910 382.230 0.30 0.00109108 10000 4534
5500 0.00731600 566.060 0.40 0.00335146 10000 4586
5500 0.01720900 802.400 0.50 0.00777503 10000 4523
6000 0.00000332 187.800 0.10 0.00000158 10000 4762
6000 0.10151000 2479.600 0.90 0.04592312 10000 4526
6000 0.00157920 416.980 0.30 0.00072059 10000 4565
6000 0.00485890 617.520 0.40 0.00220837 10000 4550
6000 0.01161500 875.350 0.50 0.00531735 10000 4582
6500 0.01648500 1289.600 0.60 0.00745452 10000 4527
6500 0.02956300 1693.100 0.70 0.01349847 10000 4573
6500 0.00000125 203.450 0.10 0.00000059 10000 4723
6500 0.04815100 2158.600 0.80 0.02232280 10000 4642
6500 0.07260800 2686.200 0.90 0.03281156 10000 4520
6500 0.10262000 3275.900 1.00 0.04680498 10000 4567
6500 0.00340380 668.980 0.40 0.00153035 10000 4501
6500 0.00813730 948.290 0.50 0.00374967 10000 4611
7000 0.01203000 1388.800 0.60 0.00547966 10000 4559
7000 0.02158300 1823.300 0.70 0.00966487 10000 4483
7000 0.00000048 219.100 0.10 0.00000023 10000 4846
7000 0.03520500 2324.700 0.80 0.01623655 10000 4619
7000 0.05336600 2892.900 0.90 0.02384393 10000 4473
7000 0.00002113 319.370 0.20 0.00001022 10000 4838
7000 0.07527900 3527.900 1.00 0.03403364 10000 4524
7000 0.00078746 486.480 0.30 0.00035829 10000 4558
7000 0.00246250 720.440 0.40 0.00113546 10000 4615
7500 0.00900740 1488.000 0.60 0.00408486 10000 4540
7500 0.02642000 2490.700 0.80 0.01209243 10000 4582
7500 0.00001194 342.180 0.20 0.00000573 10000 4798
7500 0.00183700 771.900 0.40 0.00083051 10000 4524
8000 0.00339090 1167.100 0.50 0.00155812 10000 4598
8000 0.00687980 1587.300 0.60 0.00307321 10000 4471
8000 0.01239600 2083.800 0.70 0.00552738 10000 4465
8000 0.00000008 250.400 0.10 0.00000004 10000 4809
8000 0.02025100 2656.800 0.80 0.00918180 10000 4543
8000 0.03074000 3306.100 0.90 0.01397133 10000 4550
8000 0.00000706 364.990 0.20 0.00000332 10000 4701
8000 0.04360700 4031.900 1.00 0.01974525 10000 4537
8000 0.00044654 555.980 0.30 0.00020228 10000 4534
8000 0.00140640 823.360 0.40 0.00064062 10000 4563
5000 0.00002457 156.500 0.10 0.00001164 10000 4739
5000 0.22224000 2066.300 0.90 0.10040803 10000 4520
5000 0.31096000 2519.900 1.00 0.13912350 10000 4479
5000 0.01168400 514.600 0.40 0.00538282 10000 4610
5500 0.03434400 1091.200 0.60 0.01559904 10000 4544
5500 0.00000898 172.150 0.10 0.00000425 10000 4734
5500 0.00017132 250.930 0.20 0.00008103 10000 4730
6000 0.02335900 1190.400 0.60 0.01061667 10000 4550
6000 0.04163800 1562.900 0.70 0.01856638 10000 4461
6000 0.06770900 1992.600 0.80 0.03080759 10000 4552
6000 0.00007940 273.740 0.20 0.00003757 10000 4732
6000 0.14329000 3023.900 1.00 0.06568414 10000 4587
6500 0.00003951 296.550 0.20 0.00001865 10000 4720
6500 0.00108810 451.730 0.30 0.00049454 10000 4550
7000 0.00591950 1021.200 0.50 0.00275375 10000 4657
7500 0.00443710 1094.100 0.50 0.00202731 10000 4572
7500 0.01621300 1953.600 0.70 0.00729099 10000 4506
7500 0.03998700 3099.500 0.90 0.01830205 10000 4582
7500 0.05662900 3779.900 1.00 0.02580017 10000 4570
7500 0.00058590 521.230 0.30 0.00026418 10000 4511

1000 35.37400000 102.840 0.40 16.63639220 10000 4704
1000 61.74600000 145.780 0.50 29.01444540 10000 4702
1000 95.07400000 198.250 0.60 44.33300620 10000 4664
1000 135.25000000 260.260 0.70 62.71542500 10000 4637
1000 0.42972000 31.296 0.10 0.20441780 10000 4757
1000 181.24000000 331.810 0.80 82.84480400 10000 4571
1000 232.21000000 412.910 0.90 108.51173300 10000 4677
1000 4.77880000 45.606 0.20 2.30051432 10000 4814
1000 285.68000000 503.540 1.00 130.72716800 10000 4581
1000 16.37100000 69.457 0.30 7.79423310 10000 4761

1100 24.05100000 113.150 0.40 11.25105780 10000 4679
1100 42.14200000 160.390 0.50 19.73088440 10000 4682
1100 65.23800000 218.130 0.60 30.89671680 10000 4736
1100 93.05600000 286.360 0.70 43.25242880 10000 4650
1100 0.28996000 34.427 0.10 0.13799196 10000 4759
1100 125.27000000 365.100 0.80 58.32571200 10000 4660
1100 160.64000000 454.320 0.90 75.22771200 10000 4685
1100 3.23290000 50.173 0.20 1.55567148 10000 4812
1100 198.70000000 554.050 1.00 89.77266000 10000 4521
1100 11.10800000 76.417 0.30 5.36849640 10000 4833

1200 16.80700000 123.460 0.40 8.13458800 10000 4841
1200 29.52800000 175.000 0.50 14.14981760 10000 4793
1200 45.85900000 238.000 0.60 21.52621460 10000 4695
1200 65.70400000 312.450 0.70 31.11084400 10000 4737
1200 0.20057000 37.558 0.10 0.09627360 10000 4800
1200 88.70300000 398.360 0.80 42.33794190 10000 4775
1200 114.34000000 495.720 0.90 53.69406400 10000 4697
1200 2.23910000 54.739 0.20 1.07185717 10000 4787
1200 141.63000000 604.530 1.00 65.37640800 10000 4617
1200 7.72810000 83.374 0.30 3.68707651 10000 4771

1300 11.99200000 133.760 0.40 5.64343520 10000 4707
1300 21.13300000 189.600 0.50 9.89024400 10000 4681
1300 32.98000000 257.860 0.60 15.51709000 10000 4706
1300 0.14161000 40.688 0.10 0.06930393 10000 4894
1300 64.33100000 431.600 0.80 29.88818260 10000 4648
1300 83.19700000 537.090 0.90 38.55348980 10000 4636
1300 1.58330000 59.303 0.20 0.76710885 10000 4845
1300 103.28000000 654.980 1.00 47.46748800 10000 4599
1300 5.49380000 90.328 0.30 2.61120314 10000 4753

1400 8.71020000 144.060 0.40 4.08247074 10000 4691
1400 15.41500000 204.200 0.50 7.14947700 10000 4640
1400 24.12400000 277.720 0.60 11.45648760 10000 4749
1400 34.89400000 364.590 0.70 16.51184080 10000 4735
1400 0.10177000 43.819 0.10 0.04875801 10000 4791
1400 47.42900000 464.840 0.80 22.59991850 10000 4769
1400 61.64300000 578.450 0.90 28.21400110 10000 4582
1400 1.13950000 63.867 0.20 0.54844135 10000 4813
1400 76.89800000 705.420 1.00 35.16545540 10000 4578
1400 3.97620000 97.282 0.30 1.92328794 10000 4837

1500 2.92200000 104.230 0.30 1.39525500 10000 4775
1500 6.41970000 154.350 0.40 2.99029626 10000 4660
1500 11.41800000 218.800 0.50 5.34704940 10000 4683
1500 17.95900000 297.570 0.60 8.27550720 10000 4611
1500 26.08600000 390.660 0.70 12.29172320 10000 4713
1500 0.07415400 46.949 0.10 0.03523057 10000 4751
1500 46.39000000 619.800 0.90 21.86824600 10000 4715
1500 0.83272000 68.431 0.20 0.39712417 10000 4769
1500 58.15900000 755.850 1.00 27.20096430 10000 4677

1600 2.17490000 111.180 0.30 1.01872316 10000 4684
1600 4.80020000 164.650 0.40 2.22681278 10000 4639
1600 8.57280000 233.400 0.50 3.86633280 10000 4511
1600 13.55200000 317.420 0.60 6.16887040 10000 4552
1600 19.77600000 416.720 0.70 8.83591680 10000 4470
1600 27.13800000 531.290 0.80 11.19171120 10000 4130
1600 35.51600000 661.140 0.90 14.54025040 10000 4096
1600 0.61609000 72.994 0.20 0.24070636 10000 3907
1600 44.63500000 806.270 1.00 17.35855150 10000 3891
1600 0.05477200 50.079 0.10 0.02618102 10000 4780

1700 1.63910000 118.130 0.30 0.78365371 10000 4783
1700 3.62980000 174.950 0.40 1.72488096 10000 4752
1700 6.51450000 247.990 0.50 3.11132520 10000 4778
1700 10.35400000 337.270 0.60 4.77215860 10000 4613
1700 15.18000000 442.770 0.70 7.11183000 10000 4691
1700 0.04090100 53.209 0.10 0.01968974 10000 4814
1700 20.95300000 564.510 0.80 9.73685910 10000 4651
1700 27.54000000 702.490 0.90 12.84741000 10000 4668
1700 0.46112000 77.557 0.20 0.21732586 10000 4713
1700 34.73200000 856.690 1.00 15.87947040 10000 4576

1800 1.24800000 125.080 0.30 0.60028800 10000 4811
1800 2.77660000 185.240 0.40 1.34109780 10000 4831
1800 5.01240000 262.580 0.50 2.36986272 10000 4728
1800 8.00590000 357.110 0.60 3.73074940 10000 4663
1800 11.78800000 468.830 0.70 5.49085040 10000 4662
1800 0.03083300 56.340 0.10 0.01477209 10000 4791
1800 16.35100000 597.730 0.80 7.43970500 10000 4552
1800 21.59100000 743.820 0.90 10.01174670 10000 4639
1800 0.34836000 82.120 0.20 0.16742182 10000 4806
1800 27.34000000 907.100 1.00 12.59280400 10000 4608

1900 0.95896000 132.030 0.30 0.46260230 10000 4825
1900 2.14690000 195.530 0.40 1.00754017 10000 4694
1900 3.89070000 277.170 0.50 1.82590551 10000 4696
1900 6.25070000 376.960 0.60 2.94095435 10000 4705
1900 9.25580000 494.880 0.70 4.41964450 10000 4776
1900 0.02343200 59.470 0.10 0.01116066 10000 4763
1900 12.89200000 630.950 0.80 5.89680080 10000 4575
1900 17.11300000 785.160 0.90 8.01059530 10000 4684
1900 0.26548000 86.683 0.20 0.12841268 10000 4837
1900 21.71700000 957.510 1.00 9.97027470 10000 4595

2600 0.18524000 180.690 0.30 0.08821129 10000 4763
2600 0.43335000 267.580 0.40 0.20254779 10000 4674
2600 0.82449000 379.310 0.50 0.38074948 10000 4620
2600 1.38630000 515.860 0.60 0.65045196 10000 4692
2600 2.14360000 677.240 0.70 0.98455548 10000 4597
2600 0.00406330 81.380 0.10 0.00192357 10000 4734
2600 3.10950000 863.450 0.80 1.44809415 10000 4659
2600 4.25250000 1074.400 0.90 1.97868825 10000 4659
2600 0.04727200 118.620 0.20 0.02240220 10000 4739
2600 5.56480000 1310.300 1.00 2.59430976 10000 4663

2700 3.58880000 1115.800 0.90 1.66807424 10000 4653
2700 0.03761300 123.180 0.20 0.01798654 10000 4782
2700 4.70860000 1360.700 1.00 2.18855728 10000 4651
2700 0.14998000 187.640 0.30 0.07053559 10000 4705
2700 0.35399000 277.880 0.40 0.16414516 10000 4637
2700 0.67830000 393.900 0.50 0.31405290 10000 4631
2700 1.14760000 535.700 0.60 0.52743696 10000 4597
2700 1.78780000 703.290 0.70 0.84223258 10000 4715
2700 0.00321940 84.511 0.10 0.00152986 10000 4752
2700 2.60390000 896.660 0.80 1.21810442 10000 4679

3000 2.21830000 1239.800 0.90 1.03217499 10000 4658
3000 0.01936700 136.870 0.20 0.00937169 10000 4839
3000 2.94730000 1511.900 1.00 1.31449580 10000 4462
3000 0.08192900 208.490 0.30 0.03832639 10000 4678
3000 0.19806000 308.750 0.40 0.09376160 10000 4736
3000 0.38942000 437.670 0.50 0.18252115 10000 4688
3000 1.07130000 781.440 0.70 0.49997571 10000 4669
3000 0.00162950 93.901 0.10 0.00077548 10000 4759
3000 1.58940000 996.290 0.80 0.72651474 10000 4577

3100 1.36190000 1029.500 0.80 0.62838066 10000 4614
3100 1.90930000 1281.100 0.90 0.87904172 10000 4607
3100 0.01561100 141.430 0.20 0.00731688 10000 4687
3100 2.54780000 1562.300 1.00 1.15517252 10000 4537
3100 0.06749200 215.440 0.30 0.03116106 10000 4620
3100 0.16501000 319.050 0.40 0.07768671 10000 4711
3100 0.32710000 452.260 0.50 0.15210150 10000 4651
3100 0.57122000 615.070 0.60 0.26316105 10000 4611
3100 0.91413000 807.490 0.70 0.42561893 10000 4660
3100 0.00130500 97.031 0.10 0.00061505 10000 4713

3200 0.00104680 100.160 0.10 0.00049357 10000 4715
3200 1.17060000 1062.700 0.80 0.53531538 10000 4573
3200 1.64990000 1322.400 0.90 0.76439867 10000 4635
3200 0.01262000 145.990 0.20 0.00600838 10000 4761
3200 2.20810000 1612.700 1.00 1.01683005 10000 4609
3200 0.05585200 222.390 0.30 0.02597677 10000 4653
3200 0.13776000 329.340 0.40 0.06462322 10000 4694
3200 0.27556000 466.850 0.50 0.12937542 10000 4698
3200 0.48614000 634.910 0.60 0.22746491 10000 4682
3200 0.78244000 833.540 0.70 0.35092434 10000 4489

3300 0.00084181 103.290 0.10 0.00040138 10000 4768
3300 1.43670000 1363.700 0.90 0.65671557 10000 4577
3300 0.01022900 150.560 0.20 0.00483934 10000 4731
3300 1.92480000 1663.100 1.00 0.86019312 10000 4474
3300 0.04650500 229.340 0.30 0.02166203 10000 4660
3300 0.11573000 339.630 0.40 0.05353670 10000 4630
3300 0.23413000 481.440 0.50 0.10908117 10000 4660
3300 0.41640000 654.750 0.60 0.19895592 10000 4781
3300 0.67270000 859.580 0.70 0.30937473 10000 4600

4000 0.26503000 1041.900 0.70 0.12085368 10000 4565
4000 0.00019059 125.200 0.10 0.00009225 10000 4840
3400 0.00067820 106.420 0.10 0.00032655 10000 4815
4000 0.41252000 1328.400 0.80 0.18926418 10000 4591
3400 0.88053000 1129.100 0.80 0.40918229 10000 4649
4000 0.59905000 1653.000 0.90 0.27286727 10000 4562
3400 1.25460000 1405.100 0.90 0.58188348 10000 4640
3400 0.00830900 155.120 0.20 0.00398084 10000 4791
4000 0.00249600 182.490 0.20 0.00120058 10000 4810
3400 1.68890000 1713.500 1.00 0.77824512 10000 4610
4000 0.82146000 2015.900 1.00 0.37565366 10000 4575
4000 0.01452900 277.990 0.30 0.00670513 10000 4616
3400 0.03884400 236.290 0.30 0.01800031 10000 4634
4000 0.03892600 411.670 0.40 0.01808502 10000 4652
3400 0.09778200 349.920 0.40 0.04569353 10000 4675
4000 0.08399300 583.560 0.50 0.03911554 10000 4662
3400 0.19951000 496.030 0.50 0.09221352 10000 4625
4000 0.15723000 793.650 0.60 0.07246731 10000 4613
3400 0.35689000 674.600 0.60 0.16609661 10000 4661
3400 0.58227000 885.630 0.70 0.26720370 10000 4592
4100 0.23509000 1067.900 0.70 0.10997510 10000 4680
3500 0.00054695 109.550 0.10 0.00026538 10000 4852
4100 0.00015475 128.330 0.10 0.00007474 10000 4830
4100 0.36812000 1361.600 0.80 0.17099174 10000 4650
3500 1.09800000 1446.400 0.90 0.50277420 10000 4580
4100 0.53598000 1694.400 0.90 0.24644360 10000 4604
4100 0.00205800 187.050 0.20 0.00097055 10000 4716
3500 0.00676120 159.680 0.20 0.00319805 10000 4730
4100 0.73547000 2066.300 1.00 0.33890458 10000 4613
4100 0.01252000 284.930 0.30 0.00575044 10000 4595
3500 0.03263700 243.240 0.30 0.01511419 10000 4634
4100 0.03391100 421.970 0.40 0.01593478 10000 4700
3500 0.08283600 360.210 0.40 0.03862643 10000 4666
4100 0.07366600 598.150 0.50 0.03373903 10000 4586
3500 0.17051000 510.610 0.50 0.07911664 10000 4642
4100 0.13868000 813.490 0.60 0.06322421 10000 4566
3500 0.30769000 694.440 0.60 0.14335277 10000 4664
4200 0.20977000 1094.000 0.70 0.09603271 10000 4579
3500 0.50541000 911.680 0.70 0.23440916 10000 4641
4200 0.00012582 131.460 0.10 0.00006067 10000 4822
3600 0.00044200 112.680 0.10 0.00020968 10000 4744
4200 0.32911000 1394.800 0.80 0.15033745 10000 4570
3600 0.67290000 1195.500 0.80 0.30744801 10000 4573
4200 0.48083000 1735.700 0.90 0.22190304 10000 4622
3600 0.96421000 1487.700 0.90 0.43987260 10000 4568
4200 0.00169940 191.620 0.20 0.00080263 10000 4723
3600 0.00551920 164.240 0.20 0.00263431 10000 4773
4200 0.66265000 2116.700 1.00 0.30395755 10000 4590
3600 1.30810000 1814.300 1.00 0.59871737 10000 4584
4200 0.01082900 291.880 0.30 0.00498892 10000 4609
3600 0.02750300 250.190 0.30 0.01285490 10000 4674
4200 0.02968000 432.260 0.40 0.01389618 10000 4684
3600 0.07059000 370.510 0.40 0.03333966 10000 4724
4200 0.06488200 612.740 0.50 0.02961214 10000 4567
3600 0.14660000 525.200 0.50 0.06664436 10000 4549
4200 0.12319000 833.330 0.60 0.05674131 10000 4609
3600 0.26747000 714.280 0.60 0.12113716 10000 4530
4300 0.18749000 1120.000 0.70 0.08474548 10000 4522
3600 0.44105000 937.730 0.70 0.20570572 10000 4666
4300 0.00010239 134.590 0.10 0.00004875 10000 4761
3700 0.00035753 115.810 0.10 0.00017158 10000 4799
4300 0.29513000 1428.000 0.80 0.13195262 10000 4474
3700 0.59235000 1228.700 0.80 0.26685368 10000 4511
4300 0.43288000 1777.000 0.90 0.19652752 10000 4543
3700 0.85143000 1529.100 0.90 0.39191323 10000 4606
3700 0.00451380 168.810 0.20 0.00214360 10000 4749
4300 0.00140500 196.180 0.20 0.00066316 10000 4720
3700 1.15830000 1864.700 1.00 0.53142804 10000 4593
4300 0.59798000 2167.100 1.00 0.27548939 10000 4613
3700 0.02330500 257.140 0.30 0.01094403 10000 4699
4300 0.00941330 298.830 0.30 0.00430000 10000 4572
3700 0.06043500 380.800 0.40 0.02803580 10000 4640
4300 0.02602400 442.550 0.40 0.01189037 10000 4570
3700 0.12671000 539.790 0.50 0.05827393 10000 4600
4300 0.05754300 627.330 0.50 0.02668844 10000 4641
3700 0.23206000 734.120 0.60 0.10637630 10000 4588
4300 0.10954000 853.170 0.60 0.05094705 10000 4653
3700 0.38571000 963.780 0.70 0.17781231 10000 4611
4400 0.16830000 1146.100 0.70 0.07760313 10000 4619
3800 0.00028957 118.940 0.10 0.00013552 10000 4680
4400 0.00008335 137.720 0.10 0.00004037 10000 4843
3800 0.52321000 1261.900 0.80 0.23931625 10000 4582
4400 0.26552000 1461.200 0.80 0.12227196 10000 4607
4400 0.39088000 1818.300 0.90 0.18007842 10000 4611
3800 0.75430000 1570.400 0.90 0.33754925 10000 4477
4400 0.00116550 200.740 0.20 0.00055886 10000 4795
3800 0.00369620 173.370 0.20 0.00179007 10000 4843
4400 0.53974000 2217.500 1.00 0.24261313 10000 4499
3800 1.02990000 1915.100 1.00 0.46953141 10000 4561
3800 0.01977600 264.090 0.30 0.00937976 10000 4745
4400 0.00822700 305.780 0.30 0.00377537 10000 4589
3800 0.05194600 391.090 0.40 0.02413411 10000 4648
4400 0.02297400 452.840 0.40 0.01060480 10000 4620
4400 0.05100400 641.920 0.50 0.02319152 10000 4554
3800 0.20308000 753.960 0.60 0.09353865 10000 4609
3800 0.11007000 554.380 0.50 0.05083033 10000 4619
4400 0.09804500 873.010 0.60 0.00000000 10000 0
4500 0.15171000 1172.100 0.70 0.07004451 10000 4621
3800 0.33867000 989.830 0.70 0.15714288 10000 4643
4500 0.00006795 140.850 0.10 0.00003274 10000 4818
3900 0.29872000 1015.800 0.70 0.13526042 10000 4530
4500 0.24000000 1494.400 0.80 0.10891200 10000 4541
3900 0.00023487 122.070 0.10 0.00011206 10000 4771
4500 0.35462000 1859.700 0.90 0.16730972 10000 4725
3900 0.46322000 1295.100 0.80 0.21507305 10000 4646
4500 0.00096862 205.300 0.20 0.00045331 10000 4680
3900 0.67046000 1611.700 0.90 0.30405361 10000 4539
4500 0.48966000 2267.900 1.00 0.22661465 10000 4636
3900 0.00303530 177.930 0.20 0.00144571 10000 4763
4500 0.00721000 312.730 0.30 0.00333463 10000 4627
3900 0.91700000 1965.500 1.00 0.41916070 10000 4575
3900 0.01690500 271.040 0.30 0.00780673 10000 4621
4500 0.02032900 463.140 0.40 0.00941639 10000 4635
4500 0.04561700 656.510 0.50 0.02072380 10000 4548
3900 0.04491700 401.380 0.40 0.02126820 10000 4736
3900 0.09566400 568.970 0.50 0.04389064 10000 4589
4500 0.08763000 892.850 0.60 0.04018712 10000 4595
3900 0.17814000 773.800 0.60 0.08329826 10000 4678
4600 0.13702000 1198.200 0.70 0.06275516 10000 4587
4600 0.00005534 143.980 0.10 0.00002627 10000 4747
4600 0.21740000 1527.600 0.80 0.09809088 10000 4520
4600 0.32101000 1901.000 0.90 0.14506442 10000 4522
4600 0.00080519 209.870 0.20 0.00038512 10000 4783
4600 0.44504000 2318.300 1.00 0.20293824 10000 4562
4600 0.00635160 319.680 0.30 0.00288553 10000 4549
4600 0.01809300 473.430 0.40 0.00834630 10000 4619
4600 0.04092900 671.100 0.50 0.01872092 10000 4577
4600 0.07908500 912.690 0.60 0.03599949 10000 4556
4700 0.12387000 1224.200 0.70 0.05753762 10000 4652
4700 0.00004514 147.110 0.10 0.00002108 10000 4670
4700 0.19677000 1560.800 0.80 0.08970744 10000 4565
4700 0.29223000 1942.300 0.90 0.13381212 10000 4584
4700 0.00067246 214.430 0.20 0.00032204 10000 4789
4700 0.40548000 2368.700 1.00 0.18656135 10000 4607
4700 0.00561450 326.630 0.30 0.00257930 10000 4596
4700 0.01612200 483.720 0.40 0.00740161 10000 4593
4700 0.03663900 685.690 0.50 0.01692355 10000 4623
4700 0.07129200 932.540 0.60 0.03304384 10000 4637
4800 0.11252000 1250.300 0.70 0.05184922 10000 4615
4800 0.00003683 150.240 0.10 0.00001757 10000 4769
4800 0.17935000 1594.000 0.80 0.08284176 10000 4623
4800 0.26593000 1983.700 0.90 0.12299263 10000 4632
4800 0.00056246 218.990 0.20 0.00027082 10000 4815
4800 0.37035000 2419.100 1.00 0.16958327 10000 4582
4800 0.00498100 333.580 0.30 0.00227383 10000 4571
4800 0.01447700 494.010 0.40 0.00657980 10000 4546
4800 0.03297000 700.280 0.50 0.01493871 10000 4534
4800 0.06441900 952.380 0.60 0.02908518 10000 4518
4900 0.10224000 1276.300 0.70 0.04669301 10000 4574
4900 0.00003007 153.370 0.10 0.00001416 10000 4708
4900 0.16384000 1627.300 0.80 0.07574323 10000 4629
4900 0.24300000 2025.000 0.90 0.11153700 10000 4595
4900 0.00047111 223.550 0.20 0.00022420 10000 4759
4900 0.33869000 2469.500 1.00 0.15512002 10000 4590
4900 0.00444400 340.530 0.30 0.00203580 10000 4583
4900 0.01298100 504.300 0.40 0.00600371 10000 4627
4900 0.02977900 714.870 0.50 0.01374896 10000 4618
4900 0.05857000 972.220 0.60 0.02693049 10000 4600
2000 17.46500000 1007.900 1.00 8.07232300 10000 4623
2000 0.74288000 138.990 0.30 0.35576523 10000 4789
2000 1.67120000 205.830 0.40 0.78145312 10000 4677
2000 3.05060000 291.770 0.50 1.45788174 10000 4781
2000 4.92380000 396.800 0.60 2.30039936 10000 4675
2000 7.33410000 520.940 0.70 3.43015857 10000 4680
2000 0.01793900 62.600 0.10 0.00846003 10000 4716
2000 10.28800000 664.170 0.80 4.77260320 10000 4641
2000 13.69500000 826.500 0.90 6.34763250 10000 4637
2000 0.20398000 91.246 0.20 0.09780841 10000 4795
2100 14.15600000 1058.300 1.00 6.50326640 10000 4597
2100 0.58073000 145.940 0.30 0.27538217 10000 4742
2100 1.31210000 216.120 0.40 0.63085768 10000 4809
2100 2.40930000 306.360 0.50 1.12851612 10000 4687
2100 3.91660000 416.650 0.60 1.86821820 10000 4776
2100 5.86960000 546.990 0.70 2.77103816 10000 4721
2100 0.01383200 65.730 0.10 0.00668639 10000 4834
2100 8.25740000 697.380 0.80 3.81657028 10000 4624
2100 11.06000000 867.830 0.90 4.99912000 10000 4527
2100 0.15768000 95.809 0.20 0.07477186 10000 4742
2200 0.12266000 100.370 0.20 0.05823897 10000 4748
2200 11.56900000 1108.700 1.00 5.40850750 10000 4677
2200 0.45646000 152.890 0.30 0.21544912 10000 4721
2200 1.03780000 226.410 0.40 0.48828490 10000 4705
2200 1.91850000 320.950 0.50 0.90553200 10000 4721
2200 3.13740000 436.490 0.60 1.45794978 10000 4648
2200 4.73450000 573.040 0.70 2.22237430 10000 4695
2200 0.01072900 68.860 0.10 0.00514885 10000 4799
2200 6.69910000 730.600 0.80 3.04206131 10000 4543
2200 9.00630000 909.160 0.90 4.28970069 10000 4767
2300 0.09595100 104.930 0.20 0.04514495 10000 4705
2300 9.53920000 1159.100 1.00 4.43095840 10000 4646
2300 0.36161000 159.840 0.30 0.16952277 10000 4689
2300 0.82629000 236.710 0.40 0.38323330 10000 4638
2300 1.53760000 335.540 0.50 0.72390208 10000 4712
2300 2.53290000 456.330 0.60 1.19704854 10000 4727
2300 3.83890000 599.090 0.70 1.77549125 10000 4626
2300 0.00835420 71.990 0.10 0.00395655 10000 4736
2300 5.47070000 763.810 0.80 2.55864639 10000 4681
2300 7.39090000 950.490 0.90 3.39094492 10000 4592
2400 0.07546200 109.490 0.20 0.03579163 10000 4743
2400 7.91640000 1209.500 1.00 3.70725012 10000 4685
2400 0.28760000 166.790 0.30 0.13666752 10000 4753
2400 0.66290000 247.000 0.40 0.32621309 10000 4922
2400 1.24220000 350.130 0.50 0.59252940 10000 4772
2400 2.05890000 476.180 0.60 0.96582999 10000 4692
2400 3.14320000 625.140 0.70 1.47604672 10000 4700
2400 0.00654430 75.120 0.10 0.00312556 10000 4776
2400 6.10620000 991.820 0.90 2.86258656 10000 4689

2500 5.08260000 1033.100 0.90 2.42084238 10000 4765
2500 0.05961000 114.050 0.20 0.02789748 10000 4680
2500 6.61690000 1259.900 1.00 3.09869427 10000 4683
2500 0.53452000 257.290 0.40 0.25346938 10000 4743
2500 1.00910000 364.720 0.50 0.47155243 10000 4675
2500 1.68680000 496.020 0.60 0.77795216 10000 4612
2500 2.59050000 651.190 0.70 1.21857120 10000 4708
2500 0.00514900 78.250 0.10 0.00240767 10000 4676
2500 3.72450000 830.240 0.80 1.72183635 10000 4624
2500 0.23040000 173.740 0.30 0.10953216 10000 4754

2800 3.03870000 1157.100 0.90 1.41724968 10000 4667
2800 0.03006400 127.740 0.20 0.01449385 10000 4821
2800 4.00580000 1411.100 1.00 1.86790454 10000 4667
2800 0.12203000 194.590 0.30 0.05685378 10000 4661
2800 0.28977000 288.170 0.40 0.13535157 10000 4676
2800 0.56081000 408.490 0.50 0.26161787 10000 4667
2800 0.95666000 555.540 0.60 0.44398591 10000 4642
2800 1.50120000 729.340 0.70 0.70856640 10000 4725
2800 0.00255840 87.641 0.10 0.00121063 10000 4732
2800 2.19890000 929.870 0.80 1.02886531 10000 4680

2900 2.58660000 1198.400 0.90 1.19061198 10000 4607
2900 0.02410600 132.310 0.20 0.01143589 10000 4744
2900 3.42800000 1461.500 1.00 1.60190440 10000 4681
2900 0.09979500 201.540 0.30 0.04651445 10000 4663
2900 0.23882000 298.460 0.40 0.11088413 10000 4643
2900 0.46575000 423.080 0.50 0.21624773 10000 4646
2900 0.80121000 575.390 0.60 0.37424519 10000 4674
2900 1.26540000 755.390 0.70 0.57512430 10000 4550
2900 0.00203910 90.771 0.10 0.00096816 10000 4748
2900 1.86370000 963.080 0.80 0.85264275 10000 4578
